{
	"config": {
		"map_w": 16.54,
		"map_h": 8.21,
		"side_length": 0.8128,
		"mass": 64,
		"moment_of_inertia": 6,
		"FOC": true,
		"efficiency_percent": 0.6
	},
	"nodes": [
		{
			"x": 13.953833674674675,
			"y": 5.090115393393396,
			"vx": 0,
			"vy": 0,
			"vt": 0,
			"theta": 5.098684656174358
		},
		{
			"x": 13.788268109109108,
			"y": 6.5636489269269305,
			"vx": 0.01990005905905946,
			"vy": -0.01655683483483813,
			"vt": 0,
			"theta": 4.909844742803902
		}
	],
	"obstacles": []
}