{
	"config": {
		"map_w": 16.54,
		"map_h": 8.21,
		"side_length": 0.8128,
		"mass": 64,
		"moment_of_inertia": 6,
		"FOC": true,
		"efficiency_percent": 0.6
	},
	"nodes": [
		{
			"x": 13.788268109109108,
			"y": 6.5636489269269305,
			"vx": 0.01990005905905946,
			"vy": -0.01655683483483813,
			"vt": 0,
			"theta": 4.909844742803902
		},
		{
			"x": 8.705405246246245,
			"y": 7.391476754754758,
			"vx": 0,
			"vy": 0,
			"vt": 0,
			"theta": 6.283184689292174
		},
		{
			"x": 11.275015015015015,
			"y": 6.530535535535538,
			"vx": 0,
			"vy": 0,
			"vt": 0,
			"theta": 0
		}
	],
	"obstacles": []
}