{
	"config": {
		"map_w": 16.54,
		"map_h": 8.21,
		"side_length": 0.8128,
		"mass": 64,
		"moment_of_inertia": 6,
		"FOC": true,
		"efficiency_percent": 0.6
	},
	"nodes": [
		{
			"x": 14.102842683683685,
			"y": 4.096722,
			"vx": -0.013213054054053828,
			"vy": -0.033113391391390794,
			"vt": 0,
			"theta": 0
		},
		{
			"x": 13.953833674674675,
			"y": 5.090115393393396,
			"vx": 0,
			"vy": 0,
			"vt": 0,
			"theta": 5.098684656174358
		}
	],
	"obstacles": []
}