{
	"config": {
		"map_w": 16.54,
		"map_h": 8.21,
		"side_length": 0.8123,
		"mass": 64,
		"moment_of_inertia": 6,
		"efficiency_percent": 0.6,
		"FOC": true
	},
	"nodes": [
		{
			"x": 15.066466466466466,
			"y": 3.401346346346348,
			"vx": 0,
			"vy": 0,
			"vt": 0,
			"theta": 0
		},
		{
			"x": 8.69219219219219,
			"y": 5.785490490490491,
			"vx": 1.1368683772161603e-15,
			"vy": 0,
			"vt": 0,
			"theta": 0
		},
		{
			"x": 13.559819819819822,
			"y": 3.235780780780782,
			"vx": 0,
			"vy": 0,
			"vt": 0,
			"theta": 0
		}
	],
	"obstacles": [
		{
			"x": 13.626046046046044,
			"y": 4.7010360360360375,
			"radius": 1
		}
	]
}