{
	"config": {
		"map_w": 16.54,
		"map_h": 8.21,
		"side_length": 0.8128,
		"mass": 64,
		"moment_of_inertia": 6,
		"FOC": true,
		"efficiency_percent": 0.6
	},
	"nodes": [
		{
			"x": 11.275015015015015,
			"y": 6.530535535535538,
			"vx": 0,
			"vy": 0,
			"vt": 0,
			"theta": 0
		},
		{
			"x": 8.688848689689689,
			"y": 5.785490768768772,
			"vx": -0.06288272372372262,
			"vy": 0.016556278278274023,
			"vt": 0,
			"theta": 6.283184689292174
		},
		{
			"x": 11.275015015015015,
			"y": 6.530535535535538,
			"vx": 0,
			"vy": 0,
			"vt": 0,
			"theta": 0
		}
	],
	"obstacles": []
}