{
	"config": {
		"map_w": 16.54,
		"map_h": 8.21,
		"side_length": 0.8128,
		"mass": 64,
		"moment_of_inertia": 6,
		"efficiency_percent": 0.6,
		"FOC": true
	},
	"nodes": [
		{
			"x": 11.435061728395063,
			"y": 6.146975308641975,
			"vx": 0,
			"vy": 0,
			"vt": 0,
			"theta": 0
		},
		{
			"x": 8.739654320987652,
			"y": 5.88832510288066,
			"vx": 0,
			"vy": 0,
			"vt": 0,
			"theta": 0.22923193327699476,
			"theta_v": 0,
			"v_theta": 0
		},
		{
			"x": 11.435061728395063,
			"y": 6.146975308641975,
			"vx": 0,
			"vy": 0,
			"vt": 0,
			"theta": 0
		}
	],
	"obstacles": []
}